results[60318.33333333] = [10.633561402832385, 9.949361387349319, 9.215846708395706, 8.449282417853329, 7.665820584552327, 6.881320040180642, 6.110901308654524, 5.368373834801447]
results[60318.33680556] = [10.731804176693819, 10.03877592141811, 9.296021324064526, 8.520032690502527, 7.727206626728519, 6.933646037408719, 6.154693670090216, 5.404340077451379]
results[60318.34027778] = [10.82116215617648, 10.120034595948002, 9.368767386065478, 8.584100146012261, 7.782675421849143, 6.98082758237782, 6.194100734873096, 5.43664326675124]
results[60318.34375] = [10.901275523404546, 10.192817592102946, 9.433805115108086, 8.641245055412108, 7.8320265639647895, 7.022701732675443, 6.228993979735089, 5.465185300215619]
results[60318.34722222] = [10.971817834460065, 10.256834996127129, 9.490881427918174, 8.691251115325265, 7.875079628802994, 7.059121956265764, 6.259257735521381, 5.489877562418122]
results[60318.35069444] = [11.032499032382917, 10.311829389250782, 9.539772119573366, 8.733927231128916, 7.911675572366066, 7.089959173570612, 6.284789915084732, 5.510641391259484]
results[60318.35416667] = [11.083068029869983, 10.357578062944802, 9.580283722248302, 8.769109028542477, 7.941677912587144, 7.115102638601932, 6.3055026346703205, 5.527408487346598]
results[60318.35763889] = [11.123314312901128, 10.393894368976182, 9.612254613489903, 8.796659730987276, 7.964973392574077, 7.134460413462928, 6.321322532230668, 5.540121112005342]
results[60318.36111111] = [11.153070648922148, 10.42063009154195, 9.635557046487621, 8.816471856118634, 7.981473365885963, 7.14796047684815, 6.332191640951433, 5.548732769567644]
results[60318.36458333] = [11.172213959765628, 10.437676184155722, 9.650097751196178, 8.82846769154994, 7.991114165849072, 7.1555510114018075, 6.338067620293721, 5.553208405032126]
results[60318.36805556] = [11.18066660710482, 10.444963905681764, 9.655818907967848, 8.832600114192015, 7.993857792612984, 7.157200987063088, 6.338924264079792, 5.5535248605716445]
results[60318.37152778] = [11.178397056562648, 10.44246542681922, 9.652698684262807, 8.828853064758357, 7.989692344028591, 7.152900569954764, 6.334751905736214, 5.549671288626004]
results[60318.375] = [11.165420356874707, 10.430194285389653, 9.640751636379358, 8.817241901629862, 7.978632345544976, 7.14266145627214, 6.325557778205744, 5.541649549122079]
results[60318.37847222] = [11.141797939777094, 10.408205262577514, 9.620028638309817, 8.797813387268159, 7.96071881154749, 7.126517025556157, 6.311366267522031, 5.529474560047844]
results[60318.38194444] = [11.107637181235583, 10.376594061664958, 9.590616643245994, 8.770645535528043, 7.936019197643372, 7.104522416711275, 6.292219120637262, 5.513174631002846]
results[60318.38541667] = [11.063090376357264, 10.335496475109917, 9.552638003786619, 8.735847086798827, 7.904627048759286, 7.076754364951136, 6.268175474091056, 5.492791670286592]
results[60318.38888889] = [11.008354005698198, 10.28508784385961, 9.506250086101286, 8.693557276405084, 7.8666619351666425, 7.043311315715027, 6.239312143289809, 5.468381632009289]
results[60318.39236111] = [10.943666306700658, 10.225580972874951, 9.45164347900392, 8.643944337073625, 7.822268266793023, 7.004312564834589, 6.205723085079039, 5.4400142768935575]
results[60318.39583333] = [10.86930573936365, 10.157224886730068, 9.389040996584944, 8.58720474552605, 7.7716147941917795, 6.959898019203876, 6.167519408463155, 5.40777340676191]
results[60318.39930556] = [10.785588260707954, 10.080302496764851, 9.318695688766377, 8.52356157355908, 7.714893312916875, 6.910227261155757, 6.124828788037831, 5.371756596230417]
results[60318.40277778] = [10.692865653294891, 9.99512924093775, 9.240889747280615, 8.453263654459025, 7.6523180978008165, 6.855479252881619, 6.077795426316887, 5.332075384872676]
results[60318.40625] = [10.591521138512169, 9.902049227958816, 9.155931130349392, 8.376582685626786, 7.584123495748403, 6.795850423482789, 6.026578619006247, 5.28885428241676]
results[60318.40972222] = [10.481967142388232, 9.801433353771507, 9.064151988030888, 8.29381195629976, 7.510562960195257, 6.731554008773962, 5.971352384843919, 5.242230658519731]
results[60318.41319444] = [10.364641695408618, 9.693676153237435, 8.96590592368469, 8.20526401393765, 7.431907128472779, 6.662818538649559, 5.91230434602384, 5.192353982139]
results[60318.41666667] = [10.240004543304847, 9.579192373269107, 8.861564991919732, 8.111268082481834, 7.348441664836446, 6.589886102024558, 5.849634396959698, 5.139384859880151]
results[60318.42013889] = [10.108534974937236, 9.458415107167662, 8.751518106349105, 8.012168736329272, 7.2604662010327585, 6.513011549866556, 5.783554155553589, 5.0834947107273045]
results[60318.42361111] = [9.970725976758137, 9.331790536515129, 8.636166340820331, 7.908321760002821, 7.168290758670872, 6.432459474864682, 5.714284478038968, 5.024863776507888]
results[60318.42708333] = [9.827081946721036, 9.199775922677409, 8.515921176429657, 7.800092644557284, 7.072234492504607, 6.348503194826097, 5.642054668233731, 4.963680535327072]
results[60318.43055556] = [9.678114235099592, 9.06283558136915, 8.391200893864248, 7.6878533958573865, 6.97262291388596, 6.261422383221698, 5.567100496241837, 4.900140078708891]
results[60318.43402778] = [9.524339275305486, 8.92143921722541, 8.262429098833332, 7.5719812453701145, 6.869786782226855, 6.171502133589963, 5.489663423880865, 4.834443482354269]
results[60318.4375] = [9.366272524465488, 8.776056386109657, 8.130029704873017, 7.452854156280092, 6.7640581326712015, 6.079029497144077, 5.409987628968044, 4.7667952828831766]
results[60318.44097222] = [9.204426835752008, 8.627155012010421, 7.994425593992464, 7.3308496239899705, 6.6557692092700025, 5.984292538776607, 5.328319172890431, 4.6974027452971425]
results[60318.44444444] = [9.039308886771563, 8.47519809938844, 7.856035620254541, 7.206341971501393, 6.545250046068398, 5.887578191850359, 5.244904112574281, 4.626474212325265]
results[60318.44791667] = [8.871415763451859, 8.32064057188562, 7.715271716632486, 7.079699725925849, 6.432826106038719, 5.789170146450181, 5.159986621606743, 4.554217440200209]
results[60318.45138889] = [8.701234212551345, 8.163928553903336, 7.572538216822298, 6.951284977925947, 6.318817668737439, 5.689348254537995, 5.073808404601331, 4.480839017914035]
results[60318.45486111] = [8.529235300372775, 8.005494411445827, 7.428227306854262, 6.821449251588146, 6.203536111093662, 5.588385204579433, 4.986605742707126, 4.406541757072336]
results[60318.45833333] = [8.355874184193732, 7.845756490114539, 7.282718748708141, 6.690533212240696, 6.087283588732963, 5.48654616479302, 4.8986090915461995, 4.331524243580988]
results[60318.46180556] = [8.18158724754121, 7.6851164189471115, 7.136377382956385, 6.558864372694985, 5.970350936345538, 5.384086862312624, 4.810041323387568, 4.255979229044953]
results[60318.46527778] = [8.006792513030733, 7.523959429785319, 6.989553376266054, 6.4267572676677, 5.8530177581537295, 5.281253578803474, 4.72111762274605, 4.180093428944987]
results[60318.46875] = [7.831885322752846, 7.362650311736435, 6.842578491956873, 6.29451005026063, 5.7355493411713905, 5.17828036221319, 4.632042975456974, 4.104045268011433]
results[60318.47222222] = [7.657239305615481, 7.20153423753536, 6.695766799685796, 6.162405084244029, 5.6181971191719215, 5.075389352037177, 4.54301235159911, 4.028004926046163]
results[60318.47569444] = [7.483205118461088, 7.0409355389797375, 6.549413518944182, 6.03070786028544, 5.501197651884903, 4.972789807902423, 4.454209772399553, 3.952133437159559]
results[60318.47916667] = [7.310109436051103, 6.881156713136125, 6.40379407567467, 5.899666107827434, 5.384771782617506, 4.870677299852578, 4.365807522916113, 3.876581919950617]
results[60318.48263889] = [7.138256681893041, 6.722479961790676, 6.259165471447923, 5.769510992686091, 5.269125654657619, 4.769234535642682, 4.277966789623374, 3.8014920339145832]
results[60318.48611111] = [6.9679259869237775, 6.565164329770349, 6.1157636457531295, 5.640454713971869, 5.154448534826145, 4.668629395122099, 4.190835888564705, 3.726994386024291]
results[60318.48958333] = [6.799373356986036, 6.409447655918325, 5.973805228965185, 5.512692057455281, 5.040914158739221, 4.569016061268325, 4.1045511834917665, 3.653209246336588]
results[60318.49305556] = [6.6328310311977035, 6.255545935889235, 5.8334869410254235, 5.38639983562893, 4.928680205070043, 4.47053451826099, 4.019236599604885, 3.580246073678565]
results[60318.49652778] = [6.468509909428049, 6.103655525962031, 5.694987584806015, 5.261738668221742, 4.817889856153982, 4.373311888104701, 3.935004739172857, 3.508204421457143]
results[60318.5] = [6.306597318926241, 5.953951044995763, 5.558466121612152, 5.13885124135255, 4.708670235389763, 4.277461034406419, 3.8519556386744367, 3.4371728364184966]
results[60318.50347222] = [6.147259704864703, 5.806587831750135, 5.424063904000359, 5.017864312916488, 4.6011341796114635, 4.183082099710712, 3.7701780758271726, 3.3672299476442173]
results[60318.50694444] = [5.990643018591525, 5.661702279941942, 5.291904977389101, 4.89888898385805, 4.495380475647353, 4.090262701922312, 3.689749722956107, 3.2984445777587874]
results[60318.51041667] = [5.83687322318824, 5.519412285845471, 5.1620964872624695, 4.78202106786773, 4.391494188900124, 3.9990782173966712, 3.610737382587287, 3.230875932507252]
results[60318.51388889] = [5.686059061791157, 5.379819794252625, 5.034731003498541, 4.667343190070406, 4.289548532899829, 3.909593421907981, 3.533198406070375, 3.1645748091646064]
results[60318.51736111] = [5.538290454984553, 5.243009303664133, 4.909885160625699, 4.554923571289577, 4.18960379596036, 3.821861553094028, 3.457179883470245, 3.099582905290508]
results[60318.52083333] = [5.3936413568022346, 5.109050500656874, 4.787622066830482, 4.444818207202927, 4.091709288361739, 3.7359260279564017, 3.3827201388760417, 3.0359341043973513]
results[60318.52430556] = [5.252169998079954, 4.9779984794392185, 4.667991511207548, 4.337071066507384, 3.9959035306853443, 3.65182061967912, 3.309848894693467, 2.973654627962377]
results[60318.52777778] = [5.11392160031468, 4.849896252251735, 4.551032263014938, 4.231716174100242, 3.902216119795049, 3.569571109659359, 3.2385887173335273, 2.912764286328739]
results[60318.53125] = [4.978927014491868, 4.724773486962126, 4.436770927483923, 4.1287765933282765, 3.810666838628979, 3.4891945218137117, 3.168954370645761, 2.8532759443828795]
results[60318.53472222] = [4.847205423705719, 4.602649010868139, 4.3252242398183585, 4.028266504978662, 3.721267520137413, 3.4107007759849184, 3.1009542672167614, 2.79519678240192]
results[60318.53819444] = [4.718764967180867, 4.483531390579448, 4.216399603028169, 3.9301917044181685, 3.634022504957165, 3.3340931076662526, 3.034590852065187, 2.7385286459814298]
results[60318.54166667] = [4.59360338670646, 4.367419533170035, 4.110295644537268, 3.8345501149144092, 3.5489291131891476, 3.2593685004177733, 2.969860998181251, 2.68326840730754]
results[60318.54513889] = [4.47171041867254, 4.254304907707516, 4.006904253189209, 3.741333634806607, 3.465979302592257, 3.1865191601880425, 2.9067573049634032, 2.629409097698286]
results[60318.54861111] = [4.353066552194233, 4.144170396075948, 3.906209535410806, 3.650527206738808, 3.3851588545610074, 3.115531818364268, 2.845267515800313, 2.5769394346039776]
results[60318.55208333] = [4.2376453510935805, 4.036992450213516, 3.8081897920141587, 3.5621106086594767, 3.3064489808338355, 3.0463891600152975, 2.7853757762714397, 2.5258449197630486]
results[60318.55555556] = [4.125413589606953, 3.9327412210045, 3.7128176404401314, 3.4760585718836188, 3.229826440668668, 2.9790699432691587, 2.727062757966133, 2.4761079685190257]
results[60318.55902778] = [4.016333309570142, 3.8313824717102163, 3.6200617684754537, 3.3923423699164124, 3.155264966432753, 2.913550267263454, 2.6703067764430095, 2.4277088864443415]
results[60318.5625] = [3.910360601809705, 3.7328764483272106, 3.529885903136868, 3.310928893405785, 3.0827344496210376, 2.8498028713901338, 2.615083202918054, 2.380625389751295]
results[60318.56597222] = [3.8074475782560473, 3.637179713472494, 3.442250489726014, 3.231782169218844, 3.012202301947358, 2.7877983443590004, 2.5613655291859576, 2.3348335347659264]
results[60318.56944444] = [3.7075426645895524, 3.5442454200788958, 3.357112942845247, 3.1548635900246444, 2.943633667131626, 2.727505322360829, 2.509125555723575, 2.2903078983414726]
results[60318.57291667] = [3.6105908969667495, 3.4540235879555956, 3.274427898688578, 3.0801321435028113, 2.8769916308136683, 2.6688906841326516, 2.4583335758125555, 2.2470217537765103]
results[60318.57638889] = [3.5165355548061976, 3.3664626234998076, 3.1941486060502355, 3.0075456698784877, 2.812238346451607, 2.6119205505259018, 2.4089592555606276, 2.204947838479116]
results[60318.57986111] = [3.425316965143034, 3.2815082068587373, 3.1162259039113214, 2.9370599371660426, 2.749334213979785, 2.5565595701257813, 2.360971027413925, 2.164057853493137]
results[60318.58333333] = [3.3368740633152183, 3.1991047436384905, 3.040609548612569, 2.868629839026576, 2.68823895017407, 2.5027718674498933, 2.3143369230383364, 2.1243231883575446]
results[60318.58680556] = [3.2511442629066996, 3.1191952426062968, 2.967248097662339, 2.802209287041106, 2.6289114935252984, 2.4505209647025823, 2.2690245153668815, 2.085714885438957]
results[60318.59027778] = [3.1680647893613716, 3.04172255707099, 2.896090044700848, 2.7377522347878718, 2.5713109188904735, 2.3997705915735685, 2.2250016294276547, 2.048204257995191]
results[60318.59375] = [3.087571520325191, 2.9666283018773756, 2.8270828200388083, 2.67521176871492, 2.5153956244358273, 2.350483972264251, 2.1822357313394547, 2.0117623806547127]
results[60318.59722222] = [3.00960026622716, 2.8938540446235517, 2.7601738786295487, 2.6145410883056104, 2.4611242052262035, 2.3026245968751877, 2.140694603305021, 1.9763606743069666]
results[60318.60069444] = [2.9340867738116927, 2.8233413064454784, 2.695310695023154, 2.555693496288294, 2.4084554419439836, 2.256156212563088, 2.100346340850384, 1.941970912229821]
results[60318.60416667] = [2.8609667437114776, 2.75503157515613, 2.632440768898435, 2.4986223974890227, 2.3573482961920917, 2.2110428192009755, 2.0611593526037204, 1.908565227060386]
results[60318.60763889] = [2.790176865086198, 2.6888672685722383, 2.571512505161087, 2.443282091433137, 2.3077626161560216, 2.1672492913432087, 2.023102903096442, 1.876116579473064]
results[60318.61111111] = [2.72165372376756, 2.6247907110567836, 2.512474265318203, 2.3896269045643153, 2.2596583547993228, 2.124740686311135, 1.9861465132098208, 1.8445982518254243]
results[60318.61458333] = [2.6553348042732248, 2.5627450660491533, 2.4552752189901073, 2.3376119563095292, 2.2129962506471204, 2.0834828425408287, 1.9502604803567747, 1.813984295156857]
results[60318.61805556] = [2.5911582221111416, 2.502674082156207, 2.3998651032588345, 2.287192933356548, 2.167737619817356, 2.0434421925473747, 1.9154157153825293, 1.784249392512262]
results[60318.62152778] = [2.529063569329815, 2.4445228810073187, 2.346194942756689, 2.238326737800499, 2.1238449319156927, 2.004586268568982, 1.8815841812448162, 1.7553692346525003]
results[60318.625] = [2.468990899813085, 2.3882370038346754, 2.2942161636487097, 2.1909706737856296, 2.081281073694356, 1.9668830466706173, 1.8487383200281988, 1.7273200314003077]
results[60318.62847222] = [2.4108815546096545, 2.3337631803937313, 2.243881296438761, 2.1450830798520606, 2.040009910202729, 1.930301438223461, 1.8168514776530018, 1.7000788733595253]
results[60318.63194444] = [2.3546780379807006, 2.2810492095700803, 2.195143859746605, 2.1006232162758054, 1.999996177185956, 1.8948111894367647, 1.7858978128453007, 1.6736236526376467]
results[60318.63541667] = [2.300323917409322, 2.230043862110059, 2.1479582642744965, 2.0575511704678644, 1.9612053891943415, 1.8603827940744377, 1.7558522166714077, 1.6479329915328678]
results[60318.63888889] = [2.2477644871641442, 2.180697500161684, 2.102280380336086, 2.0158283684345544, 1.923604293642958, 1.8269878905727872, 1.7266906543534366, 1.6229865315421985]
results[60318.64236111] = [2.196945860278225, 2.132961222166157, 2.0580667414029854, 1.9754168413243718, 1.8871602036711943, 1.7945986637764784, 1.6983896378864511, 1.598764478376894]
results[60318.64583333] = [2.1478156253663627, 2.0867874763214957, 2.015275106513035, 1.9362797325827643, 1.8518414483316537, 1.7631882381506403, 1.6709265634592805, 1.57524788572144]
results[60318.64930556] = [2.1003225675486408, 2.042129795847614, 1.9738642103998576, 1.8983810637446858, 1.8176171550586913, 1.7327304781105677, 1.6442795309875693, 1.5524184954636098]
results[60318.65277778] = [2.0544172219875656, 1.9989433171491429, 1.9337942397068175, 1.861686164799571, 1.784457632217499, 1.7032003221492202, 1.6184276302132725, 1.5302589769955568]
results[60318.65625] = [2.0100510556732973, 1.957184008286035, 1.8950261135649527, 1.8261610105927901, 1.7523337638938683, 1.6745732378690903, 1.5933504574325368, 1.5087525068638072]
results[60318.65972222] = [1.967177019244402, 1.9168091858738106, 1.857521959239061, 1.7917726512345866, 1.7212173928134649, 1.646825556414266, 1.5690284014062659, 1.487883006975719]
results[60318.66319444] = [1.9257494008764284, 1.877777376050995, 1.8212449799962749, 1.7584890867429779, 1.6910812017416745, 1.619934360773957, 1.5454425389389568, 1.4676350481165674]
results[60318.66666667] = [1.8857237041158963, 1.8400481978783985, 1.7861593437937764, 1.7262791607623589, 1.6618986120691948, 1.5938773892335778, 1.5225745434299964, 1.4479937641519445]
results[60318.67013889] = [1.847057092660333, 1.8035827814770102, 1.7522305696856402, 1.6951129116682861, 1.6336440971879491, 1.5686333094524738, 1.5004069187745226, 1.4289450455264479]
results[60318.67361111] = [1.8097076824136207, 1.7683430997504335, 1.7194249042181848, 1.6649609967480383, 1.6062926563197586, 1.5441812430743505, 1.4789225755406548, 1.4104751676868912]
results[60318.67708333] = [1.7736349898684085, 1.7342923902704046, 1.6877097118965807, 1.6357950476567458, 1.5798201323787395, 1.5205010441751103, 1.4581050688064148, 1.3925709877201036]
results[60318.68055556] = [1.7387996961710512, 1.7013949322044548, 1.657053266081721, 1.6075874756797122, 1.554203031568594, 1.497573132972433, 1.4379384457548157, 1.3752198057532186]
results[60318.68402778] = [1.7051640232302487, 1.6696164012786903, 1.627425078677346, 1.5803117729166487, 1.5294187935262964, 1.4753787329158352, 1.418407448132038, 1.3584095316401699]
results[60318.6875] = [1.6726911104569857, 1.6389232811085295, 1.5987953507038588, 1.5539420048581667, 1.505445327400262, 1.4538994510196048, 1.399497137224303, 1.3421283548626621]
results[60318.69097222] = [1.6413453955965835, 1.609283222912507, 1.5711353068878273, 1.5284531166467734, 1.482261287183894, 1.433117520122181, 1.3811931012649712, 1.3263649156809836]
results[60318.69444444] = [1.6110924881250408, 1.5806649262451253, 1.5444170842136955, 1.5038208292931603, 1.4598459750387316, 1.4130157085465715, 1.3634813706044335, 1.3111082250566946]
results[60318.69791667] = [1.5818990628768612, 1.5530380387919054, 1.5186136382712327, 1.4800215523551856, 1.4381792596960405, 1.3935772434073441, 1.3463483450424891, 1.2963475951921217]
results[60318.70138889] = [1.5537331671624721, 1.5263734476544792, 1.4936990155157344, 1.4570326344207953, 1.4172418027320735, 1.3747860104714524, 1.3297809652328854, 1.2820727806037926]
results[60318.70486111] = [1.5265636920752517, 1.5006427797626398, 1.4696478870093215, 1.4348319326415786, 1.3970146651592106, 1.3566261983366954, 1.3137663945883964, 1.268273697737197]
results[60318.70833333] = [1.5003606858378615, 1.475818699228812, 1.4464358266551174, 1.4133980691389296, 1.3774795395906725, 1.3390825041292285, 1.2982921964047878, 1.2549405715205142]
results[60318.71180556] = [1.475095171579282, 1.4518747357585866, 1.4240391515316915, 1.392710283672795, 1.3586186150488129, 1.3221400098748866, 1.2833462210061444, 1.242063832408616]
results[60318.71527778] = [1.450739410549612, 1.4287855351863366, 1.402435157113942, 1.3727486511627747, 1.3404147745602237, 1.3057843580166744, 1.2689167570453583, 1.2296342413178845]
results[60318.71875] = [1.4272664403221045, 1.4065264229610248, 1.3816017099289974, 1.3534937058110084, 1.322851251944556, 1.2900014413757857, 1.2549922547540682, 1.217642646097141]
results[60318.72222222] = [1.4046503443551197, 1.3850736607759089, 1.3615174886456898, 1.3349266643142383, 1.3059118349749876, 1.2747775841505549, 1.2415614826581127, 1.2060801117891706]
results[60318.72569444] = [1.3828661532597744, 1.3644043542426385, 1.3421618988661974, 1.3170293478252673, 1.2895807940876223, 1.2600994766241018, 1.2286134673111042, 1.1949378642687896]
results[60318.72916667] = [1.3618897613748675, 1.3444963750016086, 1.3235150013936101, 1.2997841163932191, 1.2738428225697391, 1.245954120367103, 1.2161374425638374, 1.1842072424825476]
results[60318.73263889] = [1.3416981431540915, 1.3253285674139614, 1.3055577071169573, 1.2831740500796744, 1.25868320200973, 1.2323289761029645, 1.2041229778267168, 1.1738798049348005]
results[60318.73611111] = [1.3222689675212957, 1.306880383873442, 1.2882714367234964, 1.2671826351856053, 1.244087516221861, 1.2192117059144387, 1.1925597487927233, 1.163947128979704]
results[60318.73958333] = [1.3035808194146834, 1.2891320963660267, 1.2716383201632644, 1.2517939497051862, 1.230041820865686, 1.2065903251962293, 1.1814376697909692, 1.1544009214749351]
results[60318.74305556] = [1.285613065645885, 1.2720646704202454, 1.255641079873406, 1.236992556337514, 1.216532546269701, 1.1944531149708448, 1.170746815032773, 1.1452329482171775]
results[60318.74652778] = [1.2683460384993557, 1.2556599408082294, 1.240263196785971, 1.2227636571394522, 1.2035466391131557, 1.1827887489380247, 1.1604775292324867, 1.136435126125216]
results[60318.75] = [1.2517607047489765, 1.2399002984029286, 1.2254886181106992, 1.209092824207491, 1.1910713171992373, 1.171586073028513, 1.150620232340331, 1.127999353404008]
results[60318.75347222] = [1.2358388542742913, 1.2247688705511097, 1.2113019276502068, 1.1959661583091257, 1.1790942148609944, 1.160834236022915, 1.1411655336927975, 1.1199176053387883]
results[60318.75694444] = [1.2205630282440123, 1.2102494540268527, 1.1976882841718821, 1.1833702328918634, 1.167603332500523, 1.150522644268237, 1.1321041913580248, 1.1121818975486841]
results[60318.76041667] = [1.2059164587107232, 1.1963264587315248, 1.1846333697795959, 1.1712920473154043, 1.1565869945823064, 1.1406409241136921, 1.1234270785192875, 1.1047842556673115]
results[60318.76388889] = [1.191883217363211, 1.1829850501620147, 1.1721235245985515, 1.1597191524120385, 1.1460339647939333, 1.1311790253665968, 1.11512527379398, 1.0977167908740788]
results[60318.76736111] = [1.1784479449530691, 1.1702108931928767, 1.1601455075572222, 1.1486394300687113, 1.1359332456401217, 1.122127041742275, 1.107189903190513, 1.0909715639435227]
results[60318.77083333] = [1.1655960048127496, 1.157990298921278, 1.1486866350233855, 1.138041222337679, 1.1262741968240986, 1.1134753173181864, 1.099612233339581, 1.0845406637661594]
results[60318.77430556] = [1.1533133888950156, 1.1463101361726207, 1.1377346986905046, 1.1279132562571883, 1.1170464672918945, 1.1052143859063939, 1.0923836181721256, 1.078416161219081]
results[60318.77777778] = [1.141586841906468, 1.135157950305689, 1.1272780777475147, 1.1182447482770566, 1.1082400909081926, 1.0973350569809024, 1.08549557401038, 1.072590172154064]
results[60318.78125] = [1.1304036340545898, 1.1245217477766005, 1.1173055375529877, 1.1090252187018668, 1.0998453178950853, 1.0898282650864048, 1.0789396478202269, 1.067054745388085]
results[60318.78472222] = [1.1197516896279316, 1.114390118992746, 1.1078063454125582, 1.100244599304067, 1.091852713347334, 1.0826851583703923, 1.0727074948228634, 1.0618019283170619]
results[60318.78819444] = [1.1096195368992041, 1.1047521911687423, 1.098770226858935, 1.0918931933524292, 1.084253121226969, 1.075897066687253, 1.0667908508017134, 1.0568237434881063]
results[60318.79166667] = [1.0999962677775146, 1.095597590355017, 1.0901873304399514, 1.0839616434485, 1.0770376354702733, 1.0694554761536172, 1.0611815102583102, 1.0521121705012781]
results[60318.79513889] = [1.090871634350136, 1.0869165336105218, 1.0820483144319477, 1.076441011957921, 1.0701976734832996, 1.0633520951275128, 1.0558713842795173, 1.047659195080169]
results[60318.79861111] = [1.082235870296472, 1.0786996593715854, 1.0743441880180367, 1.0693226344816504, 1.06372484315655, 1.0575787359143383, 1.0508523981028826, 1.0434567238034993]
results[60318.80208333] = [1.0740797912208642, 1.0709381230944202, 1.067066401105733, 1.062598203052628, 1.0576110188694903, 1.0521273831259605, 1.0461165514017803, 1.0394966358409532]
results[60318.80555556] = [1.0663947331345482, 1.063623538883126, 1.0602067896984002, 1.0562597158264724, 1.0518482960767068, 1.046990153762291, 1.0416558845159662, 1.035770756082276]
results[60318.80902778] = [1.0591726281685199, 1.056748051720722, 1.0537576437366416, 1.0502995399659896, 1.046429048901161, 1.0421593493119596, 1.0374625249077827, 1.0322708957874853]
results[60318.8125] = [1.0524058605316688, 1.0503042005836074, 1.047711578877011, 1.0447102934429258, 1.0413458232477106, 1.0376273614782747, 1.0335286069046883, 1.028988787961062]
results[60318.81597222] = [1.046087344483918, 1.0442849929853695, 1.0420616066732464, 1.0394849103399446, 1.0365913969969884, 1.0333867272070765, 1.029846321580056, 1.0259161321198347]
results[60318.81944444] = [1.040210489220703, 1.0386838721230405, 1.0368011042980305, 1.0346166136411505, 1.0321587564978538, 1.0294301096247638, 1.026407902982428, 1.0230445867819191]
results[60318.82291667] = [1.0347691698888302, 1.0334946902197553, 1.0319237904742946, 1.0300988942393294, 1.0280410793053731, 1.0257502852841658, 1.0232056207686084, 1.0203657684822274]
results[60318.82638889] = [1.0297577724090228, 1.028711752909634, 1.0274237689148886, 1.025925553321706, 1.0242317756689918, 1.0223401850586131, 1.0202318208667007, 1.0178712925789335]
results[60318.82986111] = [1.025171078077256, 1.0243297118122237, 1.023295430210383, 1.0220906149321707, 1.0207244131484068, 1.0191928322222366, 1.0174788785068085, 1.0155527428778297]
results[60318.83333333] = [1.021004297642175, 1.020343601149099, 1.019533490882216, 1.01858836759808, 1.0175127610643504, 1.0163013899827074, 1.0149392490337603, 1.0134017258420587]
results[60318.83680556] = [1.0172529993993273, 1.0167487754633884, 1.0161329422342855, 1.0154133255183255, 1.014590764934825, 1.0136591498166838, 1.0126054706043424, 1.0114098880450726]
results[60318.84027778] = [1.0139130775434355, 1.0135408891494315, 1.0130890432409123, 1.012560235968609, 1.0119525686621524, 1.0112595679622516, 1.010470213967318, 1.009568977931014]
results[60318.84375] = [1.0109805594833892, 1.0107157261295825, 1.0103971790129171, 1.0100239697475575, 1.0095924375809318, 1.0090962198187345, 1.0085262658404226, 1.0078708554724802]
results[60318.84722222] = [1.0084514168349905, 1.0082690388371018, 1.0080527407963455, 1.0077994472560479, 1.0075047295024724, 1.0071628104753763, 1.006766570948498, 1.0063075571828124]
results[60318.85069444] = [1.0063211141537696, 1.0061961443752514, 1.0060508028866968, 1.0058814093493085, 1.0056837574969661, 1.0054531172177505, 1.0051842369028388, 1.0048713459900402]
results[60318.85416667] = [1.004583788020128, 1.0044911933737797, 1.0043855673280717, 1.0042640744159004, 1.0041236594276035, 1.0039610482367438, 1.0037727486106132, 1.0035550509055031]
results[60318.85763889] = [1.003230996198002, 1.0031462016138464, 1.0030499063830955, 1.0029413063500652, 1.0028192249093921, 1.0026821134385628, 1.002528051750741, 1.002354748541137]
results[60318.86111111] = [1.0022514202776658, 1.002152135679863, 1.0020383948295126, 1.0019119706606332, 1.0017738291537142, 1.0016241298328428, 1.0014622264031612, 1.0012866675096816]
results[60318.86458333] = [1.0016394295042974, 1.001513756750415, 1.0013693128845425, 1.0012101059578122, 1.001038923059607, 1.000857330993156, 1.0006656771730322, 1.000463090625591]
results[60318.86805556] = [1.001401881518194, 1.0012652182348054, 1.0011081778027258, 1.0009366117981435, 1.0007548908587096, 1.0005659055181118, 1.0003710673658348, 1.0001703102247275]
results[60318.87152778] = [1.0014624642756667, 1.0013355924369076, 1.0011902693095567, 1.0010323900567561, 1.000866454410181, 1.0006955674984608, 1.0005214410246, 1.0003443944683759]
results[60318.875] = [1.001771404427959, 1.0016577211304223, 1.0015282992871017, 1.0013865878082513, 1.0012350546378432, 1.0010751872664572, 1.0009074934238218, 1.000731501852203]
results[60318.87847222] = [1.0024293707186749, 1.002334015710935, 1.0022244024736677, 1.0021019164598788, 1.001967160521358, 1.0018199554255773, 1.0016593405178182, 1.00148357452]
results[60318.88194444] = [1.003474809343975, 1.0033894546269517, 1.0032888338013821, 1.0031730510120678, 1.0030413748814346, 1.0028922392802193, 1.002723244349377, 1.0025311578062948]
results[60318.88541667] = [1.004910891864778, 1.0048159273313588, 1.0047007188359218, 1.0045648695932294, 1.004406811336351, 1.0042238058496817, 1.0040119470566076, 1.0037661638143114]
results[60318.88888889] = [1.0067400095959342, 1.0066113533972845, 1.0064524556923606, 1.006263406569043, 1.00604242506377, 1.005785862526904, 1.0054882072957854, 1.0051420911120452]
results[60318.89236111] = [1.0089656791922188, 1.0087779011267493, 1.0085443241191039, 1.0082666955044466, 1.0079437691093134, 1.007571312336195, 1.0071421161922696, 1.0066460091763807]
results[60318.89583333] = [1.0115915829846507, 1.0113190247226023, 1.010979332028791, 1.0105771832976147, 1.0101126873950768, 1.0095813974714267, 1.0089743308468675, 1.00827799649897]
results[60318.89930556] = [1.0146213640348873, 1.0142385207421052, 1.013761384328205, 1.0131988821662876, 1.0125533308045997, 1.0118204609628318, 1.0109894539986748, 1.0100429919727356]
results[60318.90277778] = [1.0180586634678268, 1.0175403000625813, 1.0168947045987875, 1.01613638042084, 1.01527071229801, 1.0142940088219339, 1.0131935648688886, 1.0119477465949103]
results[60318.90625] = [1.0219072877808817, 1.021228450422255, 1.0203837467825476, 1.0193945738419496, 1.0182702398784345, 1.0170080325404998, 1.0155933198427203, 1.0139996863065743]
results[60318.90972222] = [1.0261712695977467, 1.025307255345063, 1.0242331481337748, 1.022978538390196, 1.021557501693248, 1.0199687031248084, 1.0181955528516504, 1.0162064139351]
results[60318.91319444] = [1.0308549438839774, 1.0297812507596498, 1.0284477527910585, 1.0268935130290457, 1.025138204477356, 1.0231822639027792, 1.0210071219297923, 1.0185755077569432]
results[60318.91666667] = [1.0359630116566636, 1.0346552788926935, 1.0330326481710748, 1.031144914264183, 1.029018164269389, 1.0266549968763905, 1.0240348511020863, 1.0211144382420836]
results[60318.92013889] = [1.041500514747865, 1.0399344614566803, 1.037993132920313, 1.0357382969639486, 1.033203259508844, 1.0303931683315042, 1.0272854690702746, 1.0238305001787993]
results[60318.92361111] = [1.047472950260392, 1.0456243080807675, 1.0433348158679758, 1.0406794416522436, 1.0376995054052087, 1.0344030895774743, 1.0307656557981415, 1.0267308443645926]
results[60318.92708333] = [1.0538862338915094, 1.0517306814988163, 1.0490635822524232, 1.045974321446254, 1.0425130216630445, 1.0386910858374758, 1.034482013130619, 1.0298224505692715]
results[60318.93055556] = [1.060746752109807, 1.0582598479798515, 1.0551856412193301, 1.0516291458602312, 1.0476500721564015, 1.043263531587497, 1.0384410957137442, 1.0331121539567754]
results[60318.93402778] = [1.068061297291106, 1.0652184165829188, 1.061707469670964, 1.0576503097319627, 1.0531170194710124, 1.048126811355593, 1.04264937883358, 1.0366066209126747]
results[60318.9375] = [1.0758372010256416, 1.0726134671132543, 1.068635933397368, 1.0640445064280455, 1.0589204293537702, 1.053287414760245, 1.0471133434677162, 1.0403124235155474]
results[60318.94097222] = [1.084082270252454, 1.0804524904580057, 1.075978232476195, 1.070818679047902, 1.06506702842297, 1.0587519014782945, 1.0518394493964431, 1.044236021886408]
results[60318.94444444] = [1.0928048206436833, 1.0887434214800389, 1.0837419335735718, 1.07798005210392, 1.0715637352802037, 1.064526931933418, 1.0568341657194884, 1.0483837949025478]
results[60318.94791667] = [1.1020137177702332, 1.0974946792425242, 1.0919350091197908, 1.0855361696260915, 1.0784176976084183, 1.070619303547943, 1.0621040065317915, 1.0527620756888896]
results[60318.95138889] = [1.1117182844922402, 1.1067150800710293, 1.1005657574498486, 1.093494823555646, 1.085636229880897, 1.0770358988404631, 1.0676554906150362, 1.057377124348645]
results[60318.95486111] = [1.1219284751239145, 1.116414004077011, 1.1096429602226567, 1.101864200998924, 1.093226949671703, 1.0837838101937198, 1.073495254152744, 1.0622352281204976]
results[60318.95833333] = [1.1326547862785576, 1.1266013113887803, 1.1191758054847012, 1.1106528153556416, 1.1011977179783894, 1.0908702905169867, 1.0796300130088539, 1.0673426767827097]
results[60318.96180556] = [1.1439083329031685, 1.1372874152902532, 1.1291739575890138, 1.119869572876919, 1.109556702423622, 1.0983028132163213, 1.0860666196953848, 1.0727058169310975]
results[60318.96527778] = [1.1557007341869685, 1.1484831747551345, 1.139647458093239, 1.1295236833972642, 1.1183122991517087, 1.106089006576868, 1.0928120116750268, 1.0783310158488262]
results[60318.96875] = [1.1680443260752744, 1.1602000970644994, 1.1506069167429631, 1.1396248384677945, 1.1274732972532255, 1.1142368038321822, 1.0998733465129573, 1.0842247811428993]
results[60318.97222222] = [1.18095205237733, 1.1724502351718438, 1.1620634168183261, 1.150183126161208, 1.1370488043754503, 1.1227543809160396, 1.107257953204312, 1.0903937272622484]
results[60318.97569444] = [1.1944375166130747, 1.185246237667477, 1.1740285632335241, 1.161209077463575, 1.1470482916752944, 1.1316502003377082, 1.1149733754082904, 1.0968446185712288]
results[60318.97916667] = [1.2085150440433672, 1.1986014083300205, 1.186514539548117, 1.1727137208500573, 1.1574816461904223, 1.1409330616753885, 1.1230274204589956, 1.1035844172992146]
results[60318.98263889] = [1.2231995402842908, 1.212529572675347, 1.1995339845239223, 1.1847084705835926, 1.168359072412977, 1.150612017888669, 1.1314280919196225, 1.1106202339430467]
results[60318.98611111] = [1.2385067571141481, 1.22704533076576, 1.2131002297806772, 1.1972053477201303, 1.1796912955812882, 1.1606965600648207, 1.1401837550010965, 1.1179594724511077]
results[60318.98958333] = [1.2544531564029393, 1.2421639287238444, 1.2272271809495605, 1.2102168726177245, 1.1914894670520728, 1.1711965370745474, 1.1493030719303017, 1.125609782788359]
results[60318.99305556] = [1.2710560236037967, 1.2579013669425363, 1.2419294200790176, 1.2237561612827217, 1.2037652545074427, 1.182122239652974, 1.1587950799286764, 1.1335791327472777]
results[60318.99652778] = [1.2883333011598863, 1.274274242764872, 1.257222059951654, 1.237836793234509, 1.2165307249829755, 1.1934843000503184, 1.1686691088887002, 1.141875745033961]
results[60319.0] = [1.3063039022168463, 1.2913000484029638, 1.2731210236828132, 1.252473071002692, 1.2297985829589513, 1.2052939076446612, 1.1789349734469092, 1.1505082645421538]
results[60319.00347222] = [1.3249875499589094, 1.3089970191735352, 1.2896429042005395, 1.2676798927234203, 1.2435820576276908, 1.2175627122513968, 1.1896028936144463, 1.159485697517122]
results[60319.00694444] = [1.3444048542396223, 1.327384206654345, 1.3068050338621329, 1.2834728182540742, 1.2578949655948812, 1.2303028834957084, 1.200683550833276, 1.1688174641383127]
results[60319.01041667] = [1.364577400833766, 1.346481563702042, 1.3246255650792833, 1.299868145364544, 1.2727517826526156, 1.2435271781782349, 1.2121881508670986, 1.178513456689261]
results[60319.01388889] = [1.3855275492342123, 1.366309753551015, 1.3431232934902937, 1.3168827490714328, 1.2881675008890396, 1.2572488164680453, 1.224128320186573, 1.188583957066912]
results[60319.01736111] = [1.4072788132225889, 1.3868905105918456, 1.3623179959159997, 1.3345343945662753, 1.3041579148978428, 1.271481739935173, 1.2365163343488697, 1.1990398337907613]
results[60319.02083333] = [1.4298556647986589, 1.4082464552027456, 1.3822302588516486, 1.3528415813958508, 1.3207394831618366, 1.2862404913150487, 1.249365017093089, 1.2098924611777273]
results[60319.02430556] = [1.4532836944673846, 1.4304012458608941, 1.4028816216308404, 1.3718236770855907, 1.3379294516267057, 1.30154032751297, 1.2626878421419816, 1.2211538090761287]
results[60319.02777778] = [1.4775893743929693, 1.4533793556355057, 1.424294369417978, 1.391500728842358, 1.3557456856551091, 1.3173970729030566, 1.2764988086295588, 1.2328363409351093]
results[60319.03125] = [1.5028004998559585, 1.4772064900731976, 1.4464919240440608, 1.4118938247338908, 1.374206999488555, 1.3338274152661564, 1.2908127017128164, 1.2449532370887]
results[60319.03472222] = [1.5289459584189975, 1.501909369270173, 1.4694986421408738, 1.4330249100201278, 1.3933329921942958, 1.3508487622966519, 1.3056449702629718, 1.2575182939943954]
results[60319.03819444] = [1.5560558342708584, 1.5275158268916242, 1.4933399087191273, 1.4549168750206918, 1.4131441294165317, 1.3684793166938385, 1.3210117945850532, 1.2705459836451791]
results[60319.04166667] = [1.5841615286076658, 1.5540549241714958, 1.5180422445593182, 1.4775936555222204, 1.433661836299343, 1.3867381609771323, 1.3369301623568108, 1.28405151967657]
results[60319.04513889] = [1.6132954720515424, 1.5815566786652475, 1.5436330550141901, 1.5010800039585883, 1.4549082924083716, 1.4056450768841036, 1.3534177128273694, 1.2980507263815337]
results[60319.04861111] = [1.6434916481077846, 1.6100525587486072, 1.5701410914987, 1.525401914746311, 1.4769068183656497, 1.425220891093788, 1.3704930395402648, 1.3125602963292728]
results[60319.05208333] = [1.6747853115049298, 1.639575217772782, 1.5975962051812898, 1.5505863997488554, 1.4996816743103147, 1.4454872972692643, 1.3881755361578612, 1.327597659922748]
results[60319.05555556] = [1.707213200970718, 1.670158694922114, 1.6260295349341976, 1.5766616622246985, 1.5232582186840997, 1.4664669984771412, 1.4064855212689746, 1.343181091307586]
results[60319.05902778] = [1.7408132002561247, 1.7018380955386438, 1.6554732112103632, 1.6036568266806537, 1.547662665249521, 1.488183491794112, 1.4254440505600274, 1.3593295478167857]
results[60319.0625] = [1.7756249350424038, 1.7346501539626809, 1.6859608802785395, 1.6316024208943871, 1.5729225199697834, 1.510661457576773, 1.4450732563126258, 1.3760629577739472]
results[60319.06597222] = [1.8116894391036835, 1.768632918407745, 1.7175274120819664, 1.6605301090886004, 1.5990663405495658, 1.533926545665746, 1.465396160176136, 1.393402059568243]
results[60319.06944444] = [1.8490492792635778, 1.8038258684317827, 1.750209010192333, 1.690472793707935, 1.6261238290135671, 1.5580054575911535, 1.4864367438144697, 1.4113684596550453]
results[60319.07291667] = [1.8877487014272376, 1.8402700519360269, 1.7840433396097573, 1.7214647332401447, 1.6541259384407676, 1.5829260410093213, 1.5082200298912751, 1.42998469911899]
results[60319.07638889] = [1.927833210153596, 1.878007688576259, 1.8190691590581296, 1.7535412059674467, 1.6831045691409028, 1.6087170183600505, 1.5307718428242798, 1.4492740459923439]
results[60319.07986111] = [1.9693502643331904, 1.9170828240084967, 1.8553269286496363, 1.7867390668839445, 1.7130930714895642, 1.6354084329923362, 1.5541191962110759, 1.4692608226498172]
results[60319.08333333] = [2.012348856364257, 1.9575409324412678, 1.8928584409293663, 1.821096409746604, 1.7441259398567592, 1.6630313749584844, 1.5782900501189763, 1.4899701941928534]
results[60319.08680556] = [2.056879771871018, 1.9994291597152918, 1.9317070462480253, 1.8566527731616405, 1.7762389976707726, 1.6916181434415722, 1.6033134495872607, 1.511428282231789]
results[60319.09027778] = [2.1029950853213313, 2.0427958472699506, 1.9719172108609375, 1.8934487355592153, 1.809469030103928, 1.721201916968151, 1.6292192317712146, 1.5336619083228886]
results[60319.09375] = [2.15074893528629, 2.0876912594853825, 2.0135351907551238, 1.9315265309599565, 1.843854338233662, 1.7518172433797499, 1.6560384500937435, 1.5566989516955283]
results[60319.09722222] = [2.2001970169116127, 2.13416710400385, 2.056608585681824, 1.970929639424306, 1.8794343666831619, 1.78349970446493, 1.6838030753476343, 1.5805680863744813]
results[60319.10069444] = [2.251396699880106, 2.182276640126093, 2.101186438266368, 2.011702875977344, 1.9162497809498695, 1.816285980283551, 1.7125460459704724, 1.6052988169716906]
results[60319.10416667] = [2.3044071668256207, 2.232074805843248, 2.1473193498226792, 2.0538924942298515, 1.9543425574030644, 1.8502139241883504, 1.74230132718396, 1.6309215217344752]
results[60319.10763889] = [2.3592887703931154, 2.2836176105064103, 2.195058915449209, 2.0975456669670027, 1.9937555101459983, 1.8853221355840986, 1.773103528872593, 1.657467114799479]
results[60319.11111111] = [2.416103910208389, 2.3369629548344464, 2.2444584808964927, 2.1427111749434595, 2.034532908102949, 1.9216505030008273, 1.8049883737059664, 1.6849674398797703]
results[60319.11458333] = [2.474916376053546, 2.392170009569586, 2.295572563614164, 2.189438873409912, 2.076719987826402, 1.959239762872461, 1.8379923012508286, 1.713454919180182]
results[60319.11805556] = [2.5357916101421942, 2.449299456923257, 2.348457072428851, 2.2377798882968896, 2.12036312435838, 1.9981316436609662, 1.872152584704599, 1.7429626430682423]
results[60319.12152778] = [2.5987959178696953, 2.508412744580427, 2.403168612460508, 2.287785975470934, 2.1655092456979212, 2.0383683351187782, 1.9075068540799898, 1.773523946301093]
results[60319.125] = [2.6639974194002174, 2.5695729728509686, 2.4597653011531078, 2.3395102605053237, 2.212206492782218, 2.079993066592829, 1.944093592612955, 1.8051728240349816]
results[60319.12847222] = [2.7314652347880957, 2.6328441234544235, 2.5183060484357407, 2.3930065737123836, 2.260503610362998, 2.1230495534721068, 1.981951638090992, 1.8379434873568385]
results[60319.13194444] = [2.8012695163118475, 2.6982910828875557, 2.5788505717316, 2.448329456060871, 2.3104499426476433, 2.167581981570086, 2.0211201556168796, 1.8718703249139244]
results[60319.13541667] = [2.873481493576436, 2.7659796769400704, 2.641459420348031, 2.5055341726906986, 2.3620954348386167, 2.2136349958664465, 2.06163861340678, 1.9069878664997175]
results[60319.13888889] = [2.9481724455503104, 2.8359756988502043, 2.706193068258661, 2.564675874315587, 2.4154898643782654, 2.261253001332803, 2.10354615227498, 1.9433302200189675]
results[60319.14236111] = [3.025414729683178, 2.908345865082641, 2.7731127889919587, 2.6258103859324433, 2.4706835403454575, 2.310480771927067, 2.1468821050914046, 1.980931504163759]
results[60319.14583333] = [3.105280707511202, 2.983156798775484, 2.84227970533415, 2.6889933268929114, 2.527726495354416, 2.3613627143319253, 2.191685331685807, 2.019825253474155]
results[60319.14930556] = [3.1878429114291276, 3.0604751759506157, 2.913754913601957, 2.7542802117621363, 2.5866685619096033, 2.4139429194272966, 2.237994245954336, 2.060044422539367]
results[60319.15277778] = [3.2731727702815725, 3.1403665214971914, 2.987598358816447, 2.821725409207594, 2.647558416783661, 2.4682642922783584, 2.2858460306047137, 2.101620683969059]
results[60319.15625] = [3.361341680885154, 3.2228962016721754, 3.063869739568714, 2.89138295388515, 2.7104442973721556, 2.524369172791419, 2.3352771640288137, 2.1445848652543744]
results[60319.15972222] = [3.4524196740294957, 3.3081281635359865, 3.1426273293118028, 2.9633054542328043, 2.7753729981351682, 2.5822984213499063, 2.3863225946211313, 2.188966210400126]
results[60319.16319444] = [3.5464752139584035, 3.396124735823817, 3.223927778252914, 3.0375438951696387, 2.842389674222896, 2.6420912238892087, 2.4390155482254547, 2.234792190973209]
results[60319.16666667] = [3.6435750046736257, 3.4869464358512574, 3.307825920065785, 3.1141474443915884, 2.91153764770361, 2.7037848989071076, 2.4933873371798545, 2.2820883186783223]
results[60319.17013889] = [3.743782339315588, 3.5806504139662154, 3.3943733196344086, 3.1931621086309785, 2.9828571752812527, 2.7674137777496193, 2.5494663526823738, 2.3308772477377007]
results[60319.17361111] = [3.8471582072609496, 3.677291477764698, 3.4836192036254268, 3.2746315651924798, 3.056386179394674, 2.8330098367534844, 2.6072786015464895, 2.381179221363147]
results[60319.17708333] = [3.953759563414424, 3.776920462578679, 3.5756089395734563, 3.3585957550065184, 3.1321589587965915, 2.900601527154761, 2.666846655455216, 2.4330111384410267]
results[60319.18055556] = [4.063639257949446, 3.8795841557738866, 3.670383950433129, 3.4450907864237816, 3.210206082693724, 2.970213661806909, 2.728189532894151, 2.486386433187529]
results[60319.18402778] = [4.176844039942815, 3.9853234225332335, 3.7679799692682496, 3.534147324620804, 3.2905529192459886, 3.0418660852218107, 2.791321510844557, 2.5413140259229183]
results[60319.1875] = [4.293415686194296, 4.094174253215665, 3.868427991925333, 3.625791444200635, 3.3732203880328537, 3.115574329170027, 2.8562526887099766, 2.5977988015035693]
results[60319.19097222] = [4.413388925494345, 4.206165818648737, 3.9717524688646266, 3.720042963526239, 3.458223442086073, 3.191348245777833, 2.9229877732101, 2.655840543547599]
results[60319.19444444] = [4.536790882165597, 4.3213199476841355, 4.077970811912138, 3.8169149811190057, 3.5455706371751896, 3.269191613721226, 2.991525724856509, 2.7154336229879092]
results[60319.19791667] = [4.663640531845606, 4.439650618698122, 4.187092915897152, 3.916413427903135, 3.6352637183198877, 3.3491017635524805, 3.0618594258888825, 2.7765667106177694]
results[60319.20138889] = [4.7939462726053295, 4.561161696833586, 4.2991190656383225, 4.018535150506388, 3.7272958861757712, 3.4310680318804634, 3.133974323298895, 2.839221605386136]
results[60319.20486111] = [4.927707119538938, 4.685848055536584, 4.414040967426833, 4.123268847399197, 3.821652639839834, 3.515072516683805, 3.207849103897049, 2.903373836362681]
results[60319.20833333] = [5.064910222357964, 4.81369327277655, 4.531839625970962, 4.230593133319633, 3.918310036460292, 3.601088537756684, 3.2834543570942354, 2.968991524004335]
results[60319.21180556] = [5.205530576446285, 4.94466937845081, 4.652485117594231, 4.340476337917064, 4.017234520307823, 3.6890805026603846, 3.3607524829778384, 3.0360353328345115]
results[60319.21527778] = [5.349528313838982, 5.078734353443172, 4.775934297936639, 4.452874429263418, 4.118381070855692, 3.779002285722999, 3.4396963034360613, 3.104457309303533]
results[60319.21875] = [5.496850042253276, 5.21583340567974, 4.9021319951330495, 4.567732118959754, 4.221694223263052, 3.8707981712565083, 3.5202299361100597, 3.1742016932590063]
results[60319.22222222] = [5.647426143726411, 5.3558964899621415, 5.031008750067259, 4.6849808300982305, 4.327106273417087, 3.9644013024144096, 3.602287487978986, 3.2452038497645717]
results[60319.22569444] = [5.801170090552386, 5.498837714726627, 5.162480302717131, 4.804538264323822, 4.4345369324571, 4.059733430273161, 3.6857929028998875, 3.317390214021408]
results[60319.22916667] = [5.957977846680674, 5.644554835343408, 5.296447165691651, 4.9263080566650475, 4.543893069622122, 4.156704751612215, 3.770659897778765, 3.3906783241690213]
results[60319.23263889] = [6.117725029426465, 5.792926674875027, 5.43279230148337, 5.050177716745905, 4.6550669271935865, 4.255212403689647, 3.856790735739191, 3.4649758622378544]
results[60319.23611111] = [6.280268652364708, 5.9438148103762485, 5.571382730367515, 5.1760201527514, 4.767937563772373, 4.355141833138058, 3.9440775262598793, 3.540181888739782]
results[60319.23958333] = [6.4454444295906494, 6.0970611427137404, 5.7120673628810135, 5.303691773712077, 4.882369235365841, 4.456365460451901, 4.032401169345839, 3.6161860531027097]
results[60319.24305556] = [6.613066898129492, 6.2524880925865824, 5.854677255285991, 5.4330328035587625, 4.998211772564331, 4.558743124239013, 4.121631866533308, 3.6928691655316053]
results[60319.24652778] = [6.782926774539941, 6.409896239153942, 5.999023527075692, 5.563865484077805, 5.1152990764682835, 4.662120872057778, 4.211628199124073, 3.7701025446873913]
results[60319.25] = [6.954793270724644, 6.569066563837576, 6.144899512146037, 5.69599612653361, 5.233451070460897, 4.766332813521445, 4.302238882291339, 3.847749670203315]
results[60319.25347222] = [7.128411732046106, 6.729758362363467, 6.292078942659993, 5.829213572861501, 5.352472443575544, 4.871200144058276, 4.3933020575950685, 3.9256657221714364]
results[60319.25694444] = [7.303503837344292, 6.891709537200209, 6.440316323607367, 5.963289650656344, 5.472153185748718, 4.97653175686601, 4.484645972202286, 4.003698312419521]
results[60319.26041667] = [7.479768016057003, 7.05463709226679, 6.589347495986035, 6.097979802324903, 5.592269280798271, 5.082124993747555, 4.576089775953614, 4.081688311119096]
results[60319.26388889] = [7.656877512746299, 7.218235454772177, 6.738888216076231, 6.233021924779236, 5.712581805577026, 5.18776499436795, 4.667443101264238, 4.159469628892644]
results[60319.26736111] = [7.834483749650544, 7.382179692904317, 6.888637213710196, 6.368139257452311, 5.8328396377091165, 5.293227213122943, 4.758508378171285, 4.236871320409288]
results[60319.27083333] = [8.012214842243354, 7.5461242493427365, 7.0382751469654465, 6.503039559077315, 5.952778848683812, 5.398277013782799, 4.849080606780548, 4.313717504171776]
results[60319.27430556] = [8.189677395431099, 7.709704699851413, 7.187466318654188, 6.63741677424237, 6.072124308204591, 5.502671195195586, 4.938948785378916, 4.389828674429914]
results[60319.27777778] = [8.366455496878606, 7.872536918692143, 7.335858020193344, 6.770950554123562, 6.190589370789322, 5.606157823543311, 5.027895860859757, 4.4650217384326965]
results[60319.28125] = [8.542115070685284, 8.034221173138954, 7.483084360968701, 6.903309805832648, 6.307879125460992, 5.708479162367948, 5.1157013230947666, 4.5391122670798785]
results[60319.28472222] = [8.716203379953697, 8.194341731467912, 7.628765992725936, 7.0341525296030305, 6.423690330189141, 5.809371680260201, 5.202141257562658, 4.611914564269518]
results[60319.28819444] = [8.888251345593153, 8.352469049974706, 7.772512170897324, 7.163127743827618, 6.5377131800328545, 5.908567638016337, 5.286989729889385, 4.683242834391086]
results[60319.29166667] = [9.057776092486947, 8.508162147551456, 7.913922966446378, 7.289877523071294, 6.6496331493629075, 6.005796710588333, 5.370020167534474, 4.752912313219593]
results[60319.29513889] = [9.22428131261388, 8.660968954295248, 8.05258961789748, 7.414037347398977, 6.7591313178443455, 6.100786263269919, 5.451005561278134, 4.820739376578316]
results[60319.29861111] = [9.387262740201884, 8.81043133122441, 8.188099103248877, 7.5352402093284985, 6.865887986423353, 6.193264455122036, 5.529721048453714, 4.886543614699507]
results[60319.30208333] = [9.546208948825008, 8.956085768442033, 8.320034762454688, 7.653117154576988, 6.969583115291688, 6.282960550170504, 5.605944079423922, 4.9501478471105]
results[60319.30555556] = [9.70060524438731, 9.097466900074103, 8.447979452331495, 7.767300064920369, 7.069898711540016, 6.369606890717012, 5.679455971730565, 5.011379271711828]
results[60319.30902778] = [9.849935029891341, 9.234108677765125, 8.571516556519311, 7.877422499147752, 7.166519481177172, 6.452939340989292, 5.750042136506417, 5.070069480074554]
results[60319.3125] = [9.993685755380396, 9.365549717759007, 8.690234747437056, 7.983123856200301, 7.259136372402831, 6.532700200493289, 5.81749437402174, 5.126056172797217]
results[60319.31597222] = [10.131350520114053, 9.491334643057574, 8.803729100103928, 8.084050257789203, 7.347447211497565, 6.6086385816073845, 5.881610995501663, 5.179183045283827]
results[60319.31944444] = [10.262431998684036, 9.611017532760167, 8.911604091716, 8.179857092254123, 7.431158776750967, 6.68051200932238, 5.942197964698885, 5.229300509552366]
results[60319.32291667] = [10.386446314293538, 9.724165303126002, 9.013476518471336, 8.270211463314528, 7.509988768571464, 6.748087913474473, 5.9990699340390865, 5.276266318305979]
results[60319.32638889] = [10.502925160289601, 9.830359475837827, 9.108976944837334, 8.354793321901454, 7.58366661690831, 6.811144113400897, 6.052050425696447, 5.31994547995432]
results[60319.32986111] = [10.611421448242785, 9.929201152588604, 9.197754026915945, 8.43329913492529, 7.6519364920841815, 6.86947118505626, 6.100973594824402, 5.3602114823772]
